tick,population,mean_s,mean_cv,resource
50,15,0.0000,1.0000,95.20
100,15,0.0000,1.0000,91.66
150,15,0.0160,1.0000,88.80
200,15,0.0655,1.0000,86.47
250,15,0.0896,1.0000,84.53
300,15,0.1109,1.0000,82.93
350,15,0.1296,1.0000,81.61
400,15,0.1605,1.0000,80.52
450,15,0.1732,1.0000,79.61
500,15,0.1845,1.0000,78.86
550,15,0.1943,1.0000,78.24
600,15,0.2106,1.0000,77.73
650,16,0.2038,1.0000,77.26
700,16,0.2093,1.0000,75.89
750,18,0.1551,1.0000,73.80
800,25,0.0620,1.0000,67.56
850,30,0.0354,1.0000,58.66
900,30,0.0472,1.0000,51.33
950,30,0.0655,1.0000,46.63
1000,30,0.0973,1.0000,43.60
1050,30,0.1227,1.0000,41.63
1100,30,0.1399,1.0000,40.34
1150,30,0.1567,1.0000,39.49
1200,30,0.1767,1.0000,38.92
1250,30,0.1907,1.0000,38.53
1300,22,0.2724,1.0000,40.20
1350,20,0.3130,1.0000,44.24
1400,20,0.3287,1.0000,47.39
1450,20,0.3398,1.0000,49.67
1500,19,0.3653,1.0000,51.87
1550,19,0.3727,1.0000,53.61
1600,19,0.3815,1.0000,54.88
1650,19,0.3876,1.0000,55.82
1700,19,0.3916,1.0000,56.51
1750,19,0.3955,1.0000,57.01
1800,19,0.4001,1.0000,57.37
1850,18,0.4258,1.0000,58.21
1900,18,0.4280,1.0000,59.02
1950,21,0.3022,1.0000,58.29
2000,24,0.2318,1.0000,56.28
2050,27,0.1593,1.0000,52.47
2100,25,0.1539,1.0000,49.75
2150,26,0.1488,1.0000,47.58
2200,19,0.2306,1.0000,47.84
2250,18,0.3117,1.0000,51.12
2300,17,0.3992,1.0000,54.48
2350,16,0.5007,1.0000,57.21
2400,16,0.5928,1.0000,59.70
2450,16,0.6491,1.0000,61.52
2500,16,0.6938,1.0000,62.83
2550,16,0.7365,1.0000,63.77
2600,16,0.7851,1.0000,64.43
2650,16,0.8148,1.0000,64.88
2700,16,0.8384,1.0000,65.17
2750,16,0.8609,1.0000,65.35
2800,16,0.8866,1.0000,65.46
2850,16,0.9022,1.0000,65.51
2900,16,0.9147,1.0000,65.52
2950,17,0.8333,1.0000,65.31
3000,18,0.7617,1.0000,64.51
3050,22,0.4995,1.0000,61.48
3100,27,0.2848,1.0000,57.01
3150,28,0.2621,1.0000,51.34
3200,31,0.2195,1.0000,45.82
3250,31,0.2872,1.0000,42.22
3300,32,0.3386,1.0000,39.51
3350,32,0.4125,1.0000,37.60
3400,32,0.5156,1.0000,36.30
3450,32,0.5800,1.0000,35.39
3500,32,0.6374,1.0000,34.75
3550,32,0.6864,1.0000,34.27
3600,32,0.7438,1.0000,33.91
3650,32,0.7784,1.0000,33.63
3700,32,0.8086,1.0000,33.42
3750,32,0.8345,1.0000,33.24
3800,32,0.8648,1.0000,33.10
3850,32,0.8830,1.0000,32.99
3900,32,0.8990,1.0000,32.89
3950,32,0.9126,1.0000,32.81
4000,32,0.9286,1.0000,32.74
4050,32,0.9383,1.0000,32.69
4100,32,0.9467,1.0000,32.64
4150,32,0.9539,1.0000,32.60
4200,32,0.9623,1.0000,32.57
4250,32,0.9674,1.0000,32.54
4300,32,0.9718,1.0000,32.51
4350,32,0.9756,1.0000,32.49
4400,32,0.9801,1.0000,32.47
4450,32,0.9828,1.0000,32.46
4500,32,0.9851,1.0000,32.45
4550,33,0.9351,1.0000,32.17
4600,33,0.9364,1.0000,31.93
4650,36,0.8058,1.0000,31.49
4700,39,0.6902,1.0000,30.08
4750,40,0.6581,1.0000,28.62
4800,44,0.5538,0.1911,27.15
4850,47,0.4988,0.1911,25.20
4900,50,0.4369,0.2113,23.57
4950,47,0.4317,0.2113,23.23
5000,45,0.4745,0.2113,23.53
5050,43,0.4417,0.2113,24.07
5100,42,0.4466,0.2113,24.84
5150,42,0.4659,0.2113,25.53
5200,39,0.5416,0.2113,26.21
5250,39,0.6009,0.2113,26.95
5300,39,0.5670,0.2227,27.43
5350,37,0.6176,0.2227,27.98
5400,35,0.6865,0.2227,28.85
5450,35,0.7243,0.2227,29.59
5500,35,0.7651,0.2227,29.95
5550,35,0.7972,0.2227,30.09
5600,33,0.8541,0.2227,30.22
5650,32,0.8833,0.2227,31.19
5700,32,0.8988,0.2227,31.83
5750,32,0.9131,0.2227,32.19
5800,32,0.9290,0.2227,32.38
5850,32,0.9384,0.2227,32.47
5900,32,0.9466,0.2227,32.51
5950,32,0.9541,0.2227,32.53
6000,32,0.9625,0.2227,32.52
6050,32,0.9675,0.2227,32.51
6100,32,0.9718,0.2227,32.50
6150,32,0.9758,0.2227,32.48
6200,32,0.9802,0.2227,32.47
6250,32,0.9828,0.2227,32.46
6300,32,0.9851,0.2227,32.44
6350,32,0.9872,0.2227,32.43
6400,32,0.9895,0.2227,32.42
6450,32,0.9909,0.2227,32.42
6500,32,0.9921,0.2227,32.41
6550,32,0.9932,0.2227,32.40
6600,32,0.9945,0.2227,32.40
6650,32,0.9952,0.2227,32.40
6700,33,0.9445,0.2227,32.36
6750,34,0.8946,0.2227,31.81
6800,39,0.6845,0.2467,30.63
6850,42,0.5863,0.2497,28.59
6900,44,0.5440,0.2497,26.97
6950,49,0.4376,0.2497,24.93
7000,51,0.4141,0.2581,22.97
7050,49,0.4016,0.2530,22.44
7100,47,0.4094,0.2530,23.07
7150,41,0.4810,0.2530,23.91
7200,39,0.5094,0.2530,25.53
7250,40,0.5055,0.2574,26.20
7300,39,0.5303,0.2574,26.83
7350,38,0.5804,0.2574,27.57
7400,37,0.6453,0.2574,28.28
7450,38,0.6289,0.2645,28.26
7500,35,0.6881,0.2645,28.63
7550,35,0.7206,0.2645,29.46
7600,34,0.7735,0.2645,29.94
7650,34,0.8054,0.2645,30.47
7700,34,0.8309,0.2645,30.72
7750,34,0.8541,0.2645,30.83
7800,34,0.8804,0.2645,30.86
7850,34,0.8973,0.2645,30.84
7900,34,0.9108,0.2645,30.81
7950,34,0.9230,0.2645,30.78
8000,34,0.9369,0.2645,30.74
8050,34,0.9458,0.2645,30.70
8100,34,0.9529,0.2645,30.67
8150,34,0.9593,0.2645,30.64
8200,34,0.9667,0.2645,30.61
8250,34,0.9714,0.2645,30.59
8300,34,0.9751,0.2645,30.57
8350,34,0.9785,0.2645,30.55
8400,34,0.9824,0.2645,30.54
8450,34,0.9849,0.2645,30.53
8500,34,0.9868,0.2645,30.52
8550,34,0.9886,0.2645,30.51
8600,34,0.9907,0.2645,30.50
8650,34,0.9920,0.2645,30.49
8700,34,0.9930,0.2645,30.49
8750,35,0.9456,0.2645,30.37
8800,35,0.9456,0.2645,30.10
8850,35,0.9454,0.2645,29.95
8900,36,0.9057,0.2645,29.67
8950,41,0.7124,0.2542,28.62
9000,44,0.6144,0.2506,26.71
9050,47,0.5429,0.2506,25.05
9100,49,0.4987,0.2157,24.14
9150,52,0.4451,0.2144,22.84
9200,50,0.4106,0.1878,22.16
9250,48,0.4364,0.1878,22.46
9300,48,0.4381,0.1746,23.06
9350,43,0.5193,0.1746,23.60
9400,39,0.6123,0.1746,24.90
9450,38,0.6170,0.1667,26.55
9500,40,0.5878,0.1667,27.08
9550,38,0.6349,0.1667,27.21
9600,38,0.6792,0.1667,27.70
9650,40,0.6466,0.1644,27.72
9700,40,0.6583,0.1641,27.04
9750,38,0.7014,0.1641,27.19
9800,37,0.7496,0.1641,27.80
9850,37,0.7842,0.1641,28.21
9900,37,0.8148,0.1641,28.38
9950,34,0.8760,0.1641,28.82
10000,34,0.8986,0.1641,29.69
10050,34,0.9128,0.1641,30.15
10100,34,0.9245,0.1641,30.40
10150,34,0.9345,0.1641,30.52
10200,34,0.9465,0.1641,30.58
10250,34,0.9539,0.1641,30.60
10300,34,0.9602,0.1641,30.60
10350,34,0.9654,0.1641,30.59
10400,34,0.9717,0.1641,30.58
10450,34,0.9757,0.1641,30.56
10500,34,0.9790,0.1641,30.55
10550,34,0.9817,0.1641,30.54
10600,34,0.9851,0.1641,30.53
10650,34,0.9872,0.1641,30.52
10700,34,0.9889,0.1641,30.51
10750,34,0.9904,0.1641,30.50
10800,34,0.9921,0.1641,30.49
10850,34,0.9932,0.1641,30.49
10900,34,0.9941,0.1641,30.48
10950,35,0.9465,0.1629,30.39
11000,37,0.8556,0.1484,29.75
11050,38,0.8151,0.1416,29.01
11100,39,0.7822,0.1409,28.26
11150,40,0.7563,0.1352,27.49
11200,44,0.6471,0.1258,26.68
11250,44,0.6393,0.1237,25.38
11300,46,0.5520,0.1135,24.80
11350,49,0.4580,0.1108,23.79
11400,51,0.4235,0.1081,22.85
11450,49,0.4112,0.1017,22.34
11500,48,0.4381,0.1015,22.43
11550,44,0.4676,0.0989,23.00
11600,41,0.5488,0.0989,24.36
11650,38,0.6236,0.0989,25.58
11700,37,0.6825,0.0989,27.12
11750,37,0.6980,0.0978,27.97
11800,36,0.7215,0.0978,28.50
11850,37,0.7054,0.0970,28.87
11900,39,0.6571,0.0965,28.42
11950,39,0.6823,0.0965,27.99
12000,39,0.7243,0.0965,27.72
12050,38,0.7676,0.0965,27.57
12100,37,0.8107,0.0965,27.85
12150,36,0.8466,0.0965,28.29
12200,34,0.8971,0.0965,29.24
12250,34,0.9115,0.0965,29.90
12300,34,0.9236,0.0965,30.26
12350,34,0.9336,0.0965,30.45
12400,34,0.9456,0.0965,30.54
12450,34,0.9533,0.0965,30.57
12500,34,0.9597,0.0965,30.59
12550,34,0.9650,0.0965,30.58
12600,34,0.9713,0.0965,30.57
12650,34,0.9753,0.0965,30.56
12700,34,0.9787,0.0965,30.55
12750,34,0.9815,0.0965,30.54
12800,34,0.9848,0.0965,30.53
12850,34,0.9870,0.0965,30.52
12900,34,0.9887,0.0965,30.51
12950,34,0.9902,0.0965,30.50
13000,34,0.9920,0.0965,30.49
13050,34,0.9931,0.0965,30.49
13100,36,0.8990,0.0956,30.15
13150,37,0.8547,0.0958,29.47
13200,38,0.8143,0.0957,28.75
13250,39,0.7875,0.0952,28.13
13300,39,0.8038,0.0952,27.66
13350,42,0.7139,0.0957,26.95
13400,42,0.6791,0.0963,26.17
13450,44,0.5844,0.0969,25.68
13500,47,0.4961,0.0978,24.71
13550,48,0.4956,0.0978,23.80
13600,50,0.4238,0.0979,23.08
13650,48,0.4563,0.0983,22.71
13700,47,0.4440,0.0976,22.88
13750,44,0.4983,0.0976,23.74
13800,41,0.5903,0.0976,24.71
13850,38,0.6375,0.0978,25.93
13900,36,0.7040,0.0978,27.14
13950,37,0.6740,0.0976,28.01
14000,37,0.7116,0.0976,28.42
14050,39,0.6668,0.0970,28.17
14100,39,0.6643,0.0965,27.70
14150,39,0.6992,0.0965,27.59
14200,39,0.7413,0.0965,27.48
14250,37,0.7938,0.0965,27.78
14300,36,0.8346,0.0965,28.13
14350,34,0.8819,0.0965,28.89
14400,34,0.9040,0.0965,29.72
14450,34,0.9169,0.0965,30.17
14500,34,0.9281,0.0965,30.40
14550,34,0.9377,0.0965,30.52
14600,34,0.9493,0.0965,30.57
14650,34,0.9561,0.0965,30.59
14700,34,0.9621,0.0965,30.59
14750,34,0.9671,0.0965,30.58
14800,34,0.9732,0.0965,30.57
14850,34,0.9768,0.0965,30.56
14900,34,0.9800,0.0965,30.54
14950,34,0.9826,0.0965,30.53
15000,34,0.9858,0.0965,30.52
15050,34,0.9877,0.0965,30.51
15100,34,0.9894,0.0965,30.51
15150,34,0.9908,0.0965,30.50
15200,34,0.9925,0.0965,30.49
15250,35,0.9441,0.0962,30.34
15300,35,0.9441,0.0962,30.08
15350,36,0.9017,0.0961,29.90
15400,36,0.9077,0.0961,29.52
15450,38,0.8263,0.0963,29.06
15500,41,0.7184,0.0965,28.03
15550,43,0.6626,0.0972,26.54
15600,45,0.5927,0.0969,25.71
15650,49,0.4877,0.0963,24.54
15700,50,0.4512,0.0965,23.09
15750,46,0.4756,0.0965,22.81
15800,46,0.5275,0.0965,23.29
15850,47,0.4705,0.0953,23.49
15900,43,0.5075,0.0953,24.24
15950,41,0.5515,0.0953,25.17
16000,42,0.5520,0.0954,25.66
16050,41,0.6061,0.0954,25.78
16100,37,0.6861,0.0954,26.62
16150,37,0.7254,0.0954,27.64
16200,36,0.7822,0.0954,28.46
16250,36,0.7510,0.0937,28.51
16300,39,0.6553,0.0907,28.60
16350,39,0.6745,0.0907,28.10
16400,39,0.7058,0.0907,27.79
16450,39,0.7400,0.0907,27.58
16500,39,0.7777,0.0907,27.42
16550,37,0.8248,0.0907,27.73
16600,34,0.8925,0.0907,28.62
16650,34,0.9072,0.0907,29.56
16700,34,0.9199,0.0907,30.07
16750,34,0.9303,0.0907,30.34
16800,34,0.9433,0.0907,30.48
16850,34,0.9510,0.0907,30.55
16900,34,0.9577,0.0907,30.57
16950,34,0.9632,0.0907,30.58
17000,34,0.9701,0.0907,30.57
17050,34,0.9741,0.0907,30.56
17100,34,0.9777,0.0907,30.55
17150,34,0.9806,0.0907,30.54
17200,34,0.9842,0.0907,30.53
17250,34,0.9863,0.0907,30.52
17300,34,0.9882,0.0907,30.51
17350,35,0.9415,0.0904,30.41
17400,35,0.9414,0.0904,30.13
17450,35,0.9434,0.0904,29.97
17500,36,0.9033,0.0902,29.72
17550,36,0.9083,0.0902,29.42
17600,37,0.8734,0.0898,29.03
17650,38,0.8411,0.0896,28.52
17700,39,0.7789,0.0893,27.88
17750,43,0.6493,0.0889,27.04
17800,45,0.5770,0.0885,25.66
17850,45,0.5721,0.0886,24.60
17900,48,0.5044,0.0884,24.01
17950,48,0.4765,0.0885,23.09
18000,44,0.5371,0.0885,23.37
18050,44,0.5139,0.0890,24.27
18100,43,0.5667,0.0890,24.57
18150,39,0.6157,0.0890,25.54
18200,41,0.5670,0.0886,26.25
18250,42,0.5731,0.0882,26.23
18300,40,0.5982,0.0883,26.07
18350,40,0.6350,0.0883,26.50
18400,40,0.6643,0.0879,26.65
18450,38,0.7189,0.0879,26.96
18500,37,0.7610,0.0879,27.75
18550,36,0.7700,0.0880,28.47
18600,37,0.7629,0.0878,28.78
18650,38,0.7427,0.0881,28.68
18700,37,0.7704,0.0881,28.41
18750,37,0.7947,0.0881,28.51
18800,37,0.8266,0.0881,28.53
18850,36,0.8621,0.0881,28.66
18900,35,0.8939,0.0881,28.88
18950,35,0.9076,0.0881,29.33
19000,34,0.9358,0.0881,29.85
19050,34,0.9449,0.0881,30.20
19100,34,0.9526,0.0881,30.38
19150,34,0.9589,0.0881,30.48
19200,34,0.9661,0.0881,30.52
19250,34,0.9709,0.0881,30.54
19300,34,0.9750,0.0881,30.54
19350,34,0.9783,0.0881,30.54
19400,34,0.9821,0.0881,30.53
19450,34,0.9846,0.0881,30.52
19500,34,0.9868,0.0881,30.51
19550,36,0.8937,0.0877,30.20
19600,36,0.8947,0.0877,29.70
19650,36,0.8992,0.0877,29.42
19700,36,0.9081,0.0877,29.26
19750,36,0.9212,0.0877,29.15
19800,38,0.8469,0.0874,28.73
19850,39,0.8143,0.0873,28.17
19900,39,0.7601,0.0870,27.66
19950,39,0.7695,0.0870,27.45
20000,41,0.7191,0.0870,26.93
20050,40,0.7544,0.0870,26.48
20100,44,0.6183,0.0870,25.97
20150,44,0.5601,0.0871,25.12
20200,48,0.4810,0.0877,24.38
20250,47,0.4925,0.0875,23.68
20300,49,0.4654,0.0874,23.12
20350,44,0.5095,0.0873,23.36
20400,43,0.5232,0.0869,24.04
20450,40,0.5907,0.0869,25.07
20500,39,0.6436,0.0869,25.98
20550,39,0.6327,0.0870,26.73
20600,38,0.6904,0.0870,27.30
20650,37,0.7319,0.0870,28.00
20700,37,0.7318,0.0868,28.41
20750,39,0.6864,0.0869,28.22
20800,39,0.7180,0.0869,27.84
20850,37,0.7640,0.0869,28.09
20900,38,0.7555,0.0868,28.31
20950,38,0.7833,0.0868,28.13
21000,37,0.8194,0.0868,28.27
21050,35,0.8621,0.0868,28.74
21100,35,0.8828,0.0868,29.29
21150,35,0.8982,0.0868,29.57
21200,35,0.9148,0.0868,29.71
21250,34,0.9391,0.0868,29.96
21300,34,0.9480,0.0868,30.25
21350,34,0.9550,0.0868,30.41
21400,34,0.9628,0.0868,30.49
21450,34,0.9679,0.0868,30.52
21500,34,0.9726,0.0868,30.54
21550,34,0.9762,0.0868,30.54
21600,35,0.9313,0.0866,30.30
21650,35,0.9330,0.0866,30.08
21700,35,0.9381,0.0866,29.95
21750,35,0.9440,0.0866,29.87
21800,35,0.9534,0.0866,29.81
21850,36,0.9143,0.0865,29.63
21900,36,0.9181,0.0865,29.35
21950,36,0.9247,0.0865,29.19
22000,37,0.8523,0.0862,29.09
22050,37,0.8607,0.0862,28.78
22100,38,0.8272,0.0860,28.35
22150,40,0.7634,0.0864,27.73
22200,41,0.7141,0.0867,27.18
22250,43,0.6643,0.0863,26.34
22300,42,0.6650,0.0863,25.83
22350,46,0.5429,0.0861,25.06
22400,44,0.5869,0.0861,24.47
22450,46,0.5173,0.0856,24.18
22500,46,0.5049,0.0855,23.87
22550,44,0.5354,0.0856,23.94
22600,42,0.5754,0.0855,24.71
22650,44,0.5180,0.0855,24.89
22700,42,0.5416,0.0854,25.08
22750,41,0.5804,0.0854,25.73
22800,41,0.6121,0.0852,26.07
22850,41,0.6294,0.0851,26.23
22900,37,0.7027,0.0851,26.60
22950,37,0.7098,0.0852,27.48
23000,37,0.7476,0.0852,28.09
23050,36,0.7905,0.0852,28.38
23100,36,0.8151,0.0852,28.82
23150,35,0.8517,0.0852,29.28
23200,35,0.8780,0.0852,29.60
23250,35,0.8628,0.0851,29.79
23300,35,0.8721,0.0851,29.89
23350,35,0.8835,0.0851,29.93
23400,35,0.8994,0.0851,29.93
23450,35,0.9146,0.0851,29.91
23500,35,0.9270,0.0851,29.88
23550,35,0.9364,0.0851,29.84
23600,35,0.9464,0.0851,29.81
23650,35,0.9549,0.0851,29.78
23700,35,0.9614,0.0851,29.75
23750,35,0.9664,0.0851,29.73
23800,36,0.9243,0.0850,29.67
23850,36,0.9278,0.0850,29.36
23900,36,0.9320,0.0850,29.19
23950,37,0.8936,0.0848,29.07
24000,37,0.9044,0.0848,28.71
24050,37,0.9108,0.0848,28.50
24100,38,0.8758,0.0846,28.09
24150,38,0.8543,0.0844,27.84
24200,38,0.8644,0.0844,27.75
24250,38,0.8513,0.0843,27.47
24300,38,0.8637,0.0843,27.56
24350,38,0.8467,0.0842,27.45
24400,40,0.7537,0.0840,27.20
24450,41,0.7276,0.0839,26.74
24500,42,0.6866,0.0839,26.23
24550,44,0.6395,0.0839,25.42
24600,44,0.6466,0.0839,25.00
24650,41,0.7018,0.0839,24.93
24700,40,0.7445,0.0839,25.61
24750,43,0.6235,0.0840,25.47
24800,46,0.5119,0.0838,25.31
24850,47,0.4811,0.0834,24.13
24900,48,0.4827,0.0835,23.65
24950,49,0.5073,0.0835,23.05
25000,45,0.5687,0.0835,23.63
25050,41,0.5648,0.0835,24.50
25100,41,0.5975,0.0835,25.42
25150,40,0.6460,0.0835,25.99
25200,39,0.7103,0.0835,26.57
25250,38,0.7604,0.0835,27.01
25300,35,0.8293,0.0835,27.81
25350,35,0.8526,0.0835,28.81
25400,35,0.8798,0.0835,29.34
25450,36,0.8515,0.0835,29.36
25500,37,0.8201,0.0835,29.23
25550,37,0.8334,0.0835,28.90
25600,37,0.8516,0.0835,28.69
25650,37,0.8702,0.0835,28.56
25700,37,0.8922,0.0835,28.45
25750,36,0.9176,0.0835,28.49
25800,36,0.9300,0.0835,28.72
25850,35,0.9531,0.0835,29.12
25900,35,0.9600,0.0835,29.39
25950,35,0.9652,0.0835,29.53
26000,36,0.9234,0.0821,29.37
26050,36,0.9268,0.0821,29.20
26100,37,0.8879,0.0820,28.81
26150,37,0.8934,0.0820,28.58
26200,37,0.9056,0.0820,28.44
26250,37,0.9201,0.0820,28.35
26300,36,0.9449,0.0820,28.40
26350,36,0.9516,0.0820,28.63
26400,36,0.9249,0.0819,28.74
26450,36,0.9287,0.0819,28.85
26500,39,0.8081,0.0810,28.50
26550,41,0.7365,0.0799,27.44
26600,41,0.7476,0.0799,26.72
26650,41,0.7736,0.0799,26.32
26700,40,0.8115,0.0799,26.37
26750,40,0.8106,0.0799,26.36
26800,38,0.7947,0.0801,26.83
26850,40,0.7242,0.0803,26.82
26900,41,0.7024,0.0803,26.63
26950,44,0.6287,0.0800,25.92
27000,46,0.5980,0.0798,24.99
27050,47,0.5331,0.0798,24.17
27100,46,0.5370,0.0796,23.89
27150,48,0.4964,0.0795,23.55
27200,47,0.5074,0.0796,23.32
27250,45,0.5381,0.0784,23.47
27300,43,0.5703,0.0787,24.21
27350,43,0.5904,0.0787,24.71
27400,38,0.6921,0.0787,25.64
27450,39,0.6914,0.0788,26.66
27500,38,0.7352,0.0788,27.24
27550,37,0.7769,0.0788,27.88
27600,36,0.8264,0.0788,28.47
27650,36,0.8509,0.0788,28.83
27700,37,0.8270,0.0788,28.95
27750,36,0.8547,0.0788,28.88
27800,36,0.8718,0.0788,29.01
27850,36,0.8874,0.0788,29.07
27900,36,0.9033,0.0788,29.08
27950,37,0.8711,0.0788,28.77
28000,37,0.8834,0.0788,28.58
28050,36,0.9078,0.0788,28.68
28100,36,0.9197,0.0788,28.83
28150,36,0.9322,0.0788,28.90
28200,36,0.9421,0.0788,28.92
28250,35,0.9636,0.0788,29.12
28300,36,0.9219,0.0761,29.14
28350,36,0.9249,0.0761,29.07
28400,36,0.9331,0.0761,29.03
28450,36,0.9410,0.0761,29.00
28500,36,0.9487,0.0761,28.96
28550,37,0.9114,0.0763,28.74
28600,36,0.9294,0.0763,28.55
28650,37,0.8923,0.0763,28.68
28700,37,0.8974,0.0763,28.50
28750,38,0.8617,0.0736,28.14
28800,40,0.7912,0.0713,27.65
28850,40,0.7779,0.0691,27.11
28900,42,0.7211,0.0692,26.72
28950,41,0.7460,0.0692,26.19
29000,40,0.7816,0.0692,26.17
29050,39,0.8172,0.0692,26.46
29100,37,0.8700,0.0692,26.97
29150,41,0.7292,0.0694,27.12
29200,43,0.6177,0.0635,26.39
29250,45,0.5705,0.0635,25.32
29300,45,0.5961,0.0635,24.67
29350,49,0.5317,0.0602,23.95
29400,45,0.5741,0.0602,23.32
29450,43,0.5719,0.0603,23.95
29500,42,0.6104,0.0603,24.81
29550,45,0.5660,0.0603,24.77
29600,44,0.5454,0.0576,24.95
29650,43,0.5839,0.0576,25.04
29700,41,0.6336,0.0576,25.64
29750,41,0.6775,0.0576,25.91
29800,39,0.7262,0.0576,26.50
29850,37,0.7772,0.0576,27.05
29900,36,0.8110,0.0576,28.08
29950,36,0.8327,0.0576,28.63
30000,36,0.8640,0.0576,28.90
30050,36,0.8835,0.0576,29.01
30100,37,0.8239,0.0576,28.97
30150,37,0.8328,0.0576,28.75
30200,37,0.8463,0.0576,28.62
30250,37,0.8645,0.0576,28.53
30300,37,0.8850,0.0576,28.45
30350,37,0.8992,0.0576,28.38
30400,37,0.9138,0.0576,28.32
30450,35,0.9515,0.0576,28.88
30500,35,0.9586,0.0576,29.25
30550,35,0.9638,0.0576,29.45
30600,35,0.9695,0.0576,29.56
30650,36,0.9269,0.0574,29.35
30700,36,0.9296,0.0574,29.18
30750,36,0.9349,0.0574,29.09
30800,36,0.9440,0.0574,29.02
30850,36,0.9513,0.0574,28.97
30900,37,0.9139,0.0562,28.74
30950,37,0.8848,0.0562,28.37
31000,37,0.8904,0.0562,28.34
31050,37,0.9012,0.0562,28.32
31100,38,0.8714,0.0559,28.22
31150,40,0.8035,0.0545,27.76
31200,40,0.7777,0.0545,27.07
31250,40,0.7603,0.0532,26.85
31300,42,0.7126,0.0528,26.39
31350,42,0.7329,0.0528,25.89
31400,43,0.7009,0.0524,25.59
31450,42,0.6790,0.0518,25.52
31500,43,0.6462,0.0515,25.15
31550,44,0.5892,0.0514,24.66
31600,47,0.5400,0.0515,24.24
31650,45,0.5629,0.0515,23.84
31700,42,0.6238,0.0515,24.27
31750,42,0.5973,0.0512,24.83
31800,45,0.5494,0.0506,24.71
31850,44,0.5372,0.0504,24.77
31900,43,0.5786,0.0504,24.92
31950,43,0.6214,0.0504,25.02
32000,40,0.6813,0.0505,25.28
32050,38,0.7368,0.0505,26.42
32100,36,0.7911,0.0505,27.49
32150,36,0.8159,0.0505,28.33
32200,37,0.8098,0.0505,28.47
32250,36,0.8404,0.0505,28.61
32300,37,0.8150,0.0505,28.76
32350,37,0.8307,0.0505,28.65
32400,37,0.8549,0.0505,28.56
32450,37,0.8745,0.0505,28.48
32500,37,0.8591,0.0497,28.41
32550,37,0.8699,0.0497,28.40
32600,36,0.8986,0.0497,28.42
32650,36,0.9127,0.0497,28.70
32700,36,0.9245,0.0497,28.84
32750,36,0.9360,0.0497,28.90
32800,35,0.9586,0.0497,29.09
32850,35,0.9655,0.0497,29.36
32900,35,0.9704,0.0497,29.50
32950,36,0.9266,0.0496,29.36
33000,36,0.9305,0.0496,29.19
33050,36,0.9374,0.0496,29.09
33100,36,0.9444,0.0496,29.02
33150,36,0.9511,0.0496,28.97
33200,37,0.9154,0.0496,28.66
33250,37,0.8884,0.0496,28.27
33300,37,0.8922,0.0496,28.29
33350,37,0.9011,0.0496,28.29
33400,38,0.8724,0.0495,28.21
33450,39,0.8408,0.0493,27.67
33500,39,0.8215,0.0491,27.35
33550,40,0.7626,0.0492,26.98
33600,42,0.7075,0.0491,26.35
33650,44,0.6634,0.0491,25.53
33700,43,0.6691,0.0490,25.24
33750,44,0.6428,0.0487,25.17
33800,42,0.6884,0.0487,25.18
33850,42,0.6654,0.0485,25.28
33900,45,0.5549,0.0485,25.39
33950,46,0.5324,0.0481,24.77
34000,45,0.5432,0.0479,24.27
34050,47,0.4830,0.0473,23.68
34100,48,0.4966,0.0471,23.42
34150,44,0.5406,0.0470,23.83
34200,43,0.5744,0.0470,24.31
34250,41,0.6367,0.0470,25.04
34300,38,0.7068,0.0470,26.29
34350,37,0.7560,0.0470,27.19
34400,36,0.8161,0.0470,27.90
34450,36,0.8078,0.0469,28.54
34500,36,0.8271,0.0469,28.89
34550,36,0.8464,0.0469,29.06
34600,36,0.8723,0.0469,29.12
34650,37,0.8502,0.0466,29.12
34700,38,0.8194,0.0469,28.72
34750,37,0.8398,0.0469,28.45
34800,37,0.8561,0.0469,28.44
34850,37,0.8789,0.0469,28.41
34900,37,0.8954,0.0469,28.37
34950,37,0.9082,0.0469,28.33
35000,35,0.9484,0.0469,28.57
35050,36,0.9107,0.0469,29.03
35100,36,0.9158,0.0469,29.03
35150,36,0.9194,0.0469,29.02
35200,36,0.9286,0.0469,29.01
35250,36,0.9403,0.0469,28.99
35300,36,0.9480,0.0469,28.96
35350,36,0.9543,0.0469,28.94
35400,35,0.9754,0.0469,29.11
35450,35,0.9789,0.0469,29.35
35500,36,0.9341,0.0469,29.19
35550,37,0.8912,0.0467,28.99
35600,37,0.8955,0.0467,28.67
35650,38,0.8593,0.0467,28.25
35700,39,0.8335,0.0467,27.88
35750,39,0.8450,0.0467,27.46
35800,39,0.8267,0.0468,27.24
35850,38,0.8569,0.0468,27.26
35900,40,0.7652,0.0467,26.69
35950,42,0.7052,0.0466,26.32
36000,42,0.6989,0.0460,25.88
36050,46,0.5710,0.0467,25.23
36100,47,0.5718,0.0467,24.30
36150,45,0.5872,0.0469,24.10
36200,47,0.5280,0.0468,23.80
36250,50,0.4653,0.0470,23.13
36300,46,0.4937,0.0466,23.27
36350,47,0.4667,0.0466,23.32
36400,45,0.5373,0.0466,23.44
36450,42,0.5849,0.0465,24.32
36500,40,0.6426,0.0465,25.51
36550,37,0.7172,0.0465,26.52
36600,36,0.7758,0.0465,27.63
36650,36,0.8077,0.0465,28.43
36700,37,0.7904,0.0464,28.53
36750,36,0.8217,0.0464,28.79
36800,36,0.8489,0.0464,29.01
36850,36,0.8692,0.0464,29.09
36900,36,0.8885,0.0464,29.11
36950,37,0.8585,0.0463,28.93
37000,36,0.8844,0.0463,28.85
37050,37,0.8529,0.0462,28.78
37100,37,0.8652,0.0462,28.61
37150,37,0.8785,0.0462,28.50
37200,37,0.8940,0.0462,28.41
37250,36,0.9234,0.0462,28.41
37300,36,0.9341,0.0462,28.66
37350,35,0.9573,0.0462,28.90
37400,36,0.9166,0.0464,29.22
37450,36,0.9215,0.0464,29.12
37500,36,0.9267,0.0464,29.06
37550,36,0.9331,0.0464,29.02
37600,36,0.9459,0.0464,28.99
37650,37,0.9076,0.0462,28.90
37700,37,0.9126,0.0462,28.60
37750,36,0.9303,0.0462,28.63
37800,37,0.8924,0.0462,28.57
37850,37,0.9031,0.0462,28.44
37900,37,0.9133,0.0462,28.35
37950,37,0.9229,0.0462,28.29
38000,37,0.8999,0.0462,28.31
38050,40,0.7873,0.0463,27.95
38100,41,0.7293,0.0463,27.10
38150,44,0.6362,0.0463,26.21
38200,45,0.6256,0.0463,25.06
38250,45,0.6305,0.0463,24.46
38300,43,0.6554,0.0463,24.17
38350,42,0.6774,0.0463,24.77
38400,41,0.6488,0.0463,25.21
38450,46,0.5191,0.0464,25.02
38500,47,0.4947,0.0468,24.34
38550,48,0.4795,0.0464,23.89
38600,48,0.5038,0.0464,23.41
38650,44,0.5552,0.0464,23.66
38700,43,0.5570,0.0461,24.46
38750,41,0.6109,0.0461,25.24
38800,39,0.6840,0.0461,26.07
38850,38,0.7326,0.0461,26.83
38900,37,0.7799,0.0461,27.58
38950,36,0.8208,0.0461,28.23
39000,35,0.8672,0.0461,28.99
39050,36,0.8402,0.0461,29.21
39100,36,0.8536,0.0461,29.22
39150,36,0.8686,0.0461,29.21
39200,36,0.8892,0.0461,29.17
39250,36,0.9056,0.0461,29.13
39300,36,0.9196,0.0461,29.08
39350,37,0.8847,0.0461,28.86
39400,37,0.8607,0.0462,28.67
39450,37,0.8708,0.0462,28.54
39500,37,0.8841,0.0462,28.45
39550,37,0.8974,0.0462,28.39
39600,37,0.9115,0.0462,28.33
39650,36,0.9406,0.0462,28.38
39700,35,0.9624,0.0462,28.84
39750,36,0.9197,0.0460,29.00
39800,36,0.9245,0.0460,29.00
39850,36,0.9323,0.0460,28.99
39900,37,0.8950,0.0460,28.75
39950,37,0.9012,0.0460,28.54
40000,38,0.8715,0.0458,28.39
40050,38,0.8496,0.0458,28.01
40100,38,0.8563,0.0458,27.85
40150,38,0.8701,0.0458,27.75
40200,37,0.8979,0.0458,27.91
40250,39,0.8290,0.0456,27.57
40300,39,0.8102,0.0456,27.37
40350,40,0.7522,0.0455,26.99
40400,40,0.7678,0.0455,26.78
40450,41,0.7571,0.0455,26.44
40500,41,0.7246,0.0458,26.14
40550,44,0.6503,0.0453,25.56
40600,45,0.5679,0.0450,25.12
40650,46,0.5577,0.0448,24.43
40700,47,0.5411,0.0448,23.82
40750,48,0.4905,0.0447,23.12
40800,48,0.4914,0.0448,23.04
40850,45,0.5244,0.0445,23.51
40900,43,0.5588,0.0445,23.95
40950,40,0.6296,0.0445,24.80
41000,38,0.7104,0.0445,26.12
41050,38,0.7197,0.0445,27.08
41100,38,0.7232,0.0446,27.51
41150,37,0.7560,0.0446,28.03
41200,38,0.7566,0.0444,28.24
41250,38,0.7801,0.0444,28.10
41300,38,0.8028,0.0444,27.99
41350,37,0.8405,0.0444,28.04
41400,36,0.8782,0.0444,28.51
41450,36,0.8958,0.0444,28.78
41500,35,0.9230,0.0444,28.93
41550,36,0.8864,0.0445,29.05
41600,36,0.8977,0.0445,29.07
41650,36,0.9098,0.0445,29.06
41700,36,0.9201,0.0445,29.04
41750,37,0.8874,0.0445,28.76
41800,37,0.8966,0.0445,28.55
41850,36,0.9196,0.0445,28.56
41900,36,0.9300,0.0445,28.76
41950,36,0.9411,0.0445,28.85
42000,36,0.9493,0.0445,28.88
42050,35,0.9700,0.0445,29.06
42100,37,0.8834,0.0445,29.06
42150,37,0.8845,0.0445,28.72
42200,37,0.8908,0.0445,28.54
42250,38,0.8590,0.0443,28.15
42300,39,0.8327,0.0444,27.81
42350,39,0.8464,0.0444,27.42
42400,39,0.8003,0.0445,27.34
42450,39,0.8148,0.0445,27.22
42500,39,0.8010,0.0445,27.17
42550,39,0.8133,0.0445,27.13
42600,39,0.8103,0.0446,27.29
42650,42,0.7172,0.0447,26.95
42700,43,0.6440,0.0445,25.95
42750,44,0.6266,0.0444,25.30
42800,44,0.6330,0.0444,24.96
42850,44,0.6462,0.0444,24.46
42900,42,0.6273,0.0439,24.35
42950,44,0.5674,0.0440,24.53
43000,44,0.5763,0.0440,24.74
43050,45,0.5402,0.0444,24.63
43100,49,0.4696,0.0444,23.70
43150,44,0.5261,0.0444,23.66
43200,43,0.5901,0.0444,24.42
43250,42,0.6482,0.0444,24.92
43300,36,0.7611,0.0444,25.91
43350,36,0.7637,0.0444,27.45
43400,37,0.7575,0.0444,28.25
43450,37,0.7786,0.0444,28.45
43500,37,0.7997,0.0444,28.53
43550,37,0.8249,0.0444,28.53
43600,37,0.8567,0.0444,28.50
43650,36,0.8878,0.0444,28.64
43700,35,0.9157,0.0444,28.84
43750,35,0.9266,0.0444,29.28
43800,35,0.9402,0.0444,29.51
43850,36,0.9023,0.0443,29.47
43900,36,0.9077,0.0443,29.28
43950,36,0.9158,0.0443,29.17
44000,36,0.9267,0.0443,29.09
44050,36,0.9384,0.0443,29.04
44100,37,0.9005,0.0443,28.87
44150,37,0.9080,0.0443,28.59
44200,37,0.8818,0.0444,28.61
44250,37,0.8899,0.0444,28.48
44300,37,0.9002,0.0444,28.39
44350,38,0.8697,0.0443,28.29
44400,37,0.8913,0.0443,28.01
44450,37,0.9020,0.0443,28.14
44500,36,0.9262,0.0443,28.24
44550,38,0.8500,0.0439,28.14
44600,39,0.8175,0.0440,27.83
44650,39,0.7996,0.0439,27.48
44700,39,0.8104,0.0439,27.30
44750,39,0.8307,0.0439,27.18
44800,38,0.8642,0.0439,27.14
44850,39,0.8158,0.0439,27.43
44900,40,0.7612,0.0441,27.27
44950,42,0.6708,0.0439,26.56
45000,44,0.6184,0.0439,25.93
45050,44,0.6460,0.0439,25.19
45100,44,0.6301,0.0438,24.44
45150,45,0.5867,0.0439,24.09
45200,43,0.6158,0.0439,24.52
45250,45,0.5410,0.0439,24.76
45300,46,0.5226,0.0436,24.08
45350,46,0.5306,0.0434,23.92
45400,45,0.5437,0.0434,24.40
45450,44,0.5957,0.0434,24.44
45500,38,0.6881,0.0434,25.27
45550,39,0.6885,0.0435,26.42
45600,38,0.7446,0.0435,27.14
45650,37,0.7868,0.0435,27.58
45700,38,0.7414,0.0434,27.94
45750,38,0.7618,0.0434,27.95
45800,38,0.7944,0.0434,27.93
45850,37,0.8313,0.0434,28.16
45900,37,0.8549,0.0434,28.29
45950,37,0.8734,0.0434,28.33
46000,35,0.9200,0.0434,28.82
46050,36,0.8854,0.0434,29.19
46100,36,0.8930,0.0434,29.15
46150,36,0.9014,0.0434,29.12
46200,36,0.9163,0.0434,29.08
46250,36,0.9294,0.0434,29.04
46300,36,0.9382,0.0434,29.01
46350,37,0.9014,0.0434,28.91
46400,37,0.8754,0.0433,28.58
46450,37,0.8799,0.0433,28.47
46500,37,0.8903,0.0433,28.41
46550,37,0.9048,0.0433,28.35
46600,37,0.9171,0.0433,28.30
46650,38,0.8877,0.0433,28.03
46700,38,0.8319,0.0434,27.87
46750,38,0.8364,0.0434,27.80
46800,38,0.8522,0.0434,27.75
46850,39,0.8297,0.0434,27.44
46900,40,0.8095,0.0433,27.05
46950,38,0.8451,0.0433,27.12
47000,37,0.8739,0.0433,27.68
47050,37,0.8917,0.0433,27.98
47100,36,0.9206,0.0433,28.21
47150,39,0.8039,0.0431,28.34
47200,39,0.7803,0.0431,27.86
47250,41,0.7141,0.0431,27.24
47300,43,0.6649,0.0430,26.41
47350,44,0.6584,0.0431,25.45
47400,49,0.5458,0.0431,24.25
47450,46,0.5618,0.0432,23.88
47500,49,0.4706,0.0429,23.30
47550,47,0.4906,0.0431,23.03
47600,47,0.5183,0.0430,22.95
47650,44,0.5620,0.0430,23.78
47700,42,0.6035,0.0429,24.45
47750,39,0.6663,0.0429,25.80
47800,37,0.7388,0.0429,26.87
47850,38,0.7336,0.0430,27.57
47900,38,0.7344,0.0427,27.85
47950,38,0.7594,0.0427,27.91
48000,37,0.8036,0.0427,28.21
48050,37,0.8273,0.0427,28.36
48100,38,0.8086,0.0426,28.41
48150,37,0.8377,0.0426,28.28
48200,36,0.8702,0.0426,28.50
48250,36,0.8850,0.0426,28.79
48300,36,0.9015,0.0426,28.92
48350,36,0.9141,0.0426,28.98
48400,36,0.9284,0.0426,28.99
48450,35,0.9517,0.0426,29.22
48500,37,0.8664,0.0427,29.11
48550,37,0.8698,0.0427,28.77
48600,37,0.8794,0.0427,28.58
48650,37,0.8974,0.0427,28.46
48700,37,0.9099,0.0427,28.37
48750,37,0.9230,0.0427,28.30
48800,36,0.9138,0.0428,28.20
48850,36,0.9204,0.0428,28.57
48900,38,0.8407,0.0428,28.38
48950,38,0.8465,0.0428,28.07
49000,39,0.8198,0.0425,27.75
49050,40,0.8000,0.0424,27.40
49100,40,0.7843,0.0424,27.06
49150,40,0.8000,0.0424,26.77
49200,38,0.8407,0.0424,27.14
49250,38,0.8635,0.0424,27.39
49300,37,0.8950,0.0424,27.77
49350,37,0.8775,0.0424,28.00
49400,36,0.9012,0.0424,28.39
49450,36,0.9107,0.0424,28.69
49500,41,0.7218,0.0417,28.03
49550,43,0.6573,0.0415,26.69
49600,46,0.5848,0.0417,25.40
49650,47,0.5534,0.0417,24.26
49700,52,0.4641,0.0418,22.88
49750,48,0.4742,0.0419,22.38
49800,48,0.4786,0.0418,22.66
49850,44,0.5457,0.0418,23.30
49900,41,0.6210,0.0418,24.39
49950,39,0.6824,0.0418,25.73
50000,37,0.7587,0.0418,27.04
50050,37,0.7329,0.0418,27.70
50100,38,0.7172,0.0417,28.05
50150,38,0.7392,0.0417,28.05
50200,38,0.7748,0.0417,28.01
50250,39,0.7638,0.0416,27.82
50300,39,0.7918,0.0416,27.51
50350,38,0.7911,0.0415,27.72
50400,37,0.8291,0.0415,27.96
50450,37,0.8489,0.0415,28.19
50500,37,0.8672,0.0415,28.29
50550,36,0.8974,0.0415,28.49
50600,36,0.9145,0.0415,28.74
50650,35,0.9412,0.0415,29.01
50700,36,0.9020,0.0416,29.04
50750,37,0.8634,0.0415,28.87
50800,37,0.8725,0.0415,28.65
50850,37,0.8877,0.0415,28.51
50900,37,0.9031,0.0415,28.41
50950,37,0.9151,0.0415,28.34
51000,38,0.8516,0.0416,28.45
51050,37,0.8717,0.0416,28.19
51100,37,0.8767,0.0416,28.27
51150,37,0.8868,0.0416,28.30
51200,38,0.8637,0.0413,28.06
51250,38,0.8762,0.0413,27.86
51300,37,0.8729,0.0413,27.73
51350,37,0.8809,0.0413,28.02
51400,38,0.8473,0.0414,27.98
51450,38,0.8605,0.0414,27.83
51500,37,0.8888,0.0414,28.02
51550,38,0.8585,0.0416,27.94
51600,38,0.8406,0.0419,27.69
51650,39,0.8107,0.0419,27.47
51700,40,0.7582,0.0418,27.47
51750,40,0.7708,0.0418,27.02
51800,40,0.7655,0.0418,26.67
51850,41,0.7230,0.0420,26.56
51900,44,0.6208,0.0416,25.78
51950,47,0.5469,0.0415,24.73
52000,46,0.5554,0.0415,24.25
52050,50,0.4675,0.0416,23.12
52100,49,0.4875,0.0417,22.45
52150,45,0.5301,0.0417,23.13
52200,43,0.5991,0.0417,24.04
52250,39,0.6603,0.0416,24.97
52300,37,0.7192,0.0416,26.47
52350,39,0.6760,0.0415,27.07
52400,38,0.7252,0.0415,27.53
52450,38,0.7548,0.0415,27.76
52500,37,0.7960,0.0415,27.87
52550,37,0.8263,0.0415,28.17
52600,37,0.8271,0.0415,28.16
52650,37,0.8086,0.0414,28.35
52700,37,0.8246,0.0414,28.43
52750,37,0.8434,0.0414,28.45
52800,37,0.8680,0.0414,28.43
52850,37,0.8886,0.0414,28.39
52900,37,0.8714,0.0414,28.24
52950,37,0.8483,0.0413,28.34
53000,37,0.8603,0.0413,28.38
53050,37,0.8772,0.0413,28.38
53100,37,0.8914,0.0413,28.35
53150,38,0.8639,0.0415,28.15
53200,37,0.8884,0.0415,28.11
53250,36,0.9132,0.0415,28.42
53300,36,0.9244,0.0415,28.69
53350,37,0.8895,0.0415,28.72
53400,37,0.8964,0.0415,28.53
53450,36,0.9192,0.0415,28.53
53500,36,0.9300,0.0415,28.74
53550,36,0.9385,0.0415,28.84
53600,37,0.9037,0.0415,28.87
53650,37,0.9087,0.0415,28.59
53700,37,0.8825,0.0413,28.52
53750,38,0.8450,0.0414,28.25
53800,40,0.7790,0.0421,27.67
53850,41,0.7546,0.0421,26.90
53900,40,0.7820,0.0421,26.45
53950,40,0.7754,0.0421,26.21
54000,40,0.7795,0.0422,26.32
54050,39,0.8086,0.0422,26.57
54100,38,0.8097,0.0423,27.07
54150,40,0.7498,0.0424,27.08
54200,44,0.6090,0.0423,26.47
54250,47,0.5380,0.0422,25.22
54300,49,0.4863,0.0423,23.93
54350,51,0.4451,0.0426,22.66
54400,50,0.4801,0.0424,22.17
54450,46,0.5266,0.0426,22.80
54500,41,0.6106,0.0426,24.05
54550,38,0.6886,0.0426,25.61
54600,37,0.7258,0.0426,26.79
54650,38,0.7156,0.0425,27.51
54700,37,0.7535,0.0425,27.95
54750,37,0.7819,0.0425,28.28
54800,37,0.8184,0.0425,28.42
54850,37,0.8437,0.0425,28.45
54900,37,0.8307,0.0424,28.43
54950,37,0.8159,0.0423,28.38
55000,37,0.8357,0.0423,28.44
55050,37,0.8536,0.0423,28.44
55100,37,0.8735,0.0423,28.42
55150,37,0.8924,0.0423,28.38
55200,36,0.9215,0.0423,28.61
55250,35,0.9454,0.0423,29.04
55300,38,0.8191,0.0422,28.98
55350,38,0.8225,0.0422,28.42
55400,38,0.8334,0.0422,28.10
55450,38,0.8566,0.0422,27.92
55500,38,0.8759,0.0422,27.78
55550,38,0.8911,0.0422,27.69
55600,35,0.9473,0.0422,28.03
55650,36,0.9106,0.0422,28.77
55700,36,0.9158,0.0422,28.89
55750,36,0.9194,0.0422,28.94
55800,36,0.9280,0.0422,28.97
55850,36,0.9402,0.0422,28.96
55900,36,0.9480,0.0422,28.95
55950,38,0.8654,0.0423,28.58
56000,38,0.8384,0.0423,28.27
56050,40,0.7662,0.0424,27.86
56100,40,0.7804,0.0424,27.21
56150,40,0.7941,0.0424,26.85
56200,41,0.7855,0.0423,26.49
56250,40,0.7894,0.0422,26.58
56300,40,0.7792,0.0424,26.50
56350,40,0.7373,0.0425,26.78
56400,42,0.6875,0.0426,26.20
56450,43,0.6485,0.0425,25.43
56500,45,0.5908,0.0424,24.95
56550,46,0.5671,0.0424,24.49
56600,48,0.4828,0.0426,23.51
56650,47,0.4736,0.0425,23.19
56700,48,0.4874,0.0425,23.07
56750,44,0.5560,0.0425,23.49
56800,41,0.6472,0.0425,24.34
56850,38,0.7194,0.0425,26.00
56900,37,0.7384,0.0425,27.46
56950,36,0.7789,0.0425,28.31
57000,36,0.8113,0.0425,28.80
57050,36,0.8334,0.0425,29.03
57100,37,0.8145,0.0426,28.97
57150,37,0.8313,0.0426,28.76
57200,37,0.8558,0.0426,28.62
57250,36,0.8832,0.0426,28.76
57300,38,0.8128,0.0426,28.59
57350,38,0.8253,0.0426,28.21
57400,37,0.8530,0.0426,28.04
57450,37,0.8693,0.0426,28.21
57500,38,0.8469,0.0427,28.05
57550,38,0.8604,0.0427,27.87
57600,38,0.8160,0.0425,27.68
57650,38,0.8252,0.0425,27.72
57700,38,0.8427,0.0425,27.73
57750,38,0.8620,0.0425,27.70
57800,37,0.8935,0.0425,27.95
57850,36,0.9240,0.0425,28.11
57900,35,0.9491,0.0425,28.74
57950,35,0.9556,0.0425,29.18
58000,35,0.9620,0.0425,29.42
58050,36,0.9224,0.0425,29.51
58100,36,0.9256,0.0425,29.28
58150,37,0.8841,0.0425,29.08
58200,37,0.8895,0.0425,28.73
58250,37,0.9010,0.0425,28.53
58300,39,0.8263,0.0424,27.98
58350,41,0.7610,0.0424,27.16
58400,41,0.7459,0.0426,26.54
58450,42,0.7014,0.0426,26.05
58500,42,0.7262,0.0426,25.73
58550,41,0.7370,0.0426,25.57
58600,40,0.7531,0.0426,25.89
58650,39,0.7845,0.0426,26.44
58700,39,0.7527,0.0424,26.91
58750,43,0.6335,0.0425,26.55
58800,47,0.5087,0.0422,25.50
58850,48,0.4794,0.0424,23.95
58900,49,0.4888,0.0423,23.21
58950,47,0.5273,0.0424,22.86
59000,43,0.6160,0.0424,23.56
59050,38,0.6813,0.0424,24.96
59100,39,0.6794,0.0424,26.23
59150,39,0.6820,0.0424,26.78
59200,38,0.7342,0.0424,27.20
59250,38,0.7670,0.0424,27.57
59300,38,0.7663,0.0424,27.70
59350,37,0.8044,0.0424,27.84
59400,36,0.8454,0.0424,28.24
59450,36,0.8637,0.0424,28.68
59500,36,0.8808,0.0424,28.89
59550,37,0.8572,0.0423,28.89
59600,36,0.8835,0.0423,28.84
59650,37,0.8484,0.0423,28.83
59700,37,0.8603,0.0423,28.64
59750,37,0.8738,0.0423,28.52
59800,37,0.8935,0.0423,28.43
59850,39,0.8248,0.0423,27.95
59900,39,0.8016,0.0423,27.60
59950,38,0.8244,0.0423,27.48
60000,38,0.8416,0.0423,27.59
60050,38,0.8640,0.0423,27.63
60100,38,0.8842,0.0423,27.62
60150,36,0.9256,0.0423,28.18
60200,35,0.9487,0.0423,28.87
60250,35,0.9577,0.0423,29.25
60300,36,0.9176,0.0423,29.41
60350,37,0.8763,0.0423,28.97
60400,37,0.8806,0.0423,28.68
60450,37,0.8915,0.0423,28.52
60500,37,0.9062,0.0423,28.41
60550,37,0.9200,0.0423,28.33
60600,37,0.9329,0.0423,28.27
60650,38,0.8343,0.0423,28.21
60700,39,0.7944,0.0424,27.76
60750,40,0.7646,0.0425,27.41
60800,41,0.7488,0.0425,26.93
60850,43,0.7030,0.0427,26.03
60900,44,0.6630,0.0428,25.40
60950,41,0.7092,0.0428,25.51
61000,41,0.7408,0.0428,25.75
61050,42,0.6806,0.0428,25.69
61100,43,0.6233,0.0433,25.32
61150,42,0.6256,0.0433,25.11
61200,48,0.4863,0.0434,24.31
61250,48,0.5247,0.0434,23.47
61300,44,0.5662,0.0433,23.62
61350,43,0.5906,0.0435,24.25
61400,41,0.6172,0.0436,24.64
61450,39,0.6677,0.0436,25.82
61500,39,0.7027,0.0436,26.59
61550,38,0.7502,0.0436,27.10
61600,37,0.8045,0.0436,27.69
61650,35,0.8581,0.0436,28.25
61700,36,0.8330,0.0436,28.82
61750,36,0.8479,0.0436,29.01
61800,36,0.8695,0.0436,29.10
61850,37,0.8408,0.0436,28.87
61900,37,0.8542,0.0436,28.67
61950,37,0.8736,0.0436,28.54
62000,37,0.8575,0.0436,28.29
62050,37,0.8706,0.0436,28.34
62100,38,0.8428,0.0436,28.19
62150,37,0.8653,0.0436,28.16
62200,37,0.8820,0.0436,28.25
62250,38,0.8550,0.0437,28.22
62300,37,0.8785,0.0437,28.19
62350,38,0.8463,0.0440,28.11
62400,37,0.8699,0.0440,28.06
62450,37,0.8884,0.0440,28.19
62500,37,0.9021,0.0440,28.24
62550,37,0.8842,0.0438,28.10
62600,37,0.8918,0.0438,28.20
62650,36,0.9178,0.0438,28.39
62700,36,0.9266,0.0438,28.66
62750,38,0.8496,0.0440,28.55
62800,38,0.8555,0.0440,28.14
62850,37,0.8785,0.0440,28.08
62900,40,0.7705,0.0439,27.69
62950,40,0.7801,0.0439,27.12
63000,42,0.7282,0.0440,26.69
63050,41,0.7290,0.0436,26.19
63100,42,0.7122,0.0435,25.95
63150,40,0.7307,0.0435,25.85
63200,40,0.7585,0.0435,26.21
63250,42,0.6872,0.0435,26.04
63300,43,0.6215,0.0437,25.90
63350,44,0.5884,0.0435,25.22
63400,45,0.5898,0.0436,24.86
63450,46,0.5770,0.0433,24.51
63500,45,0.5526,0.0431,23.93
63550,44,0.5419,0.0431,23.88
63600,43,0.5933,0.0431,24.49
63650,43,0.6141,0.0431,24.75
63700,39,0.6950,0.0431,25.40
63750,37,0.7559,0.0431,26.51
63800,37,0.7679,0.0426,27.50
63850,37,0.7914,0.0426,28.02
63900,36,0.8283,0.0426,28.36
63950,36,0.8493,0.0426,28.76
64000,37,0.8330,0.0425,28.70
64050,37,0.8499,0.0425,28.59
64100,36,0.8761,0.0425,28.73
64150,37,0.8496,0.0425,28.77
64200,37,0.8684,0.0425,28.60
64250,38,0.8366,0.0424,28.30
64300,37,0.8601,0.0424,28.20
64350,37,0.8753,0.0424,28.28
64400,37,0.8934,0.0424,28.30
64450,36,0.9216,0.0424,28.38
64500,36,0.9335,0.0424,28.65
64550,36,0.9095,0.0425,28.87
64600,37,0.8726,0.0426,28.94
64650,38,0.8326,0.0426,28.44
64700,38,0.8423,0.0426,28.11
64750,38,0.8562,0.0426,27.91
64800,38,0.8750,0.0426,27.78
64850,38,0.8638,0.0425,27.47
64900,37,0.8897,0.0425,27.58
64950,36,0.9115,0.0425,28.20
65000,36,0.9234,0.0425,28.57
65050,36,0.9373,0.0425,28.75
65100,38,0.8581,0.0425,28.58
65150,39,0.7921,0.0426,28.22
65200,40,0.7588,0.0426,27.62
65250,40,0.7736,0.0426,27.10
65300,41,0.7596,0.0426,26.64
65350,42,0.7475,0.0427,26.14
65400,43,0.6599,0.0429,25.62
65450,44,0.6153,0.0429,25.12
65500,44,0.6153,0.0429,24.86
65550,43,0.6550,0.0429,24.81
65600,44,0.6472,0.0428,24.60
65650,41,0.6554,0.0426,25.08
65700,43,0.5954,0.0426,25.48
65750,45,0.5326,0.0421,25.25
65800,44,0.5772,0.0421,24.68
65850,44,0.5923,0.0421,24.66
65900,43,0.6182,0.0418,24.84
65950,41,0.6279,0.0419,25.12
66000,39,0.6827,0.0419,25.87
66050,39,0.7148,0.0419,26.60
66100,38,0.7612,0.0419,27.17
66150,38,0.7927,0.0419,27.51
66200,35,0.8678,0.0419,28.18
66250,36,0.8411,0.0419,28.83
66300,36,0.8549,0.0419,29.01
66350,36,0.8698,0.0419,29.09
66400,37,0.8466,0.0418,28.94
66450,37,0.8584,0.0418,28.71
66500,38,0.8315,0.0418,28.46
66550,38,0.8479,0.0418,28.11
66600,37,0.8721,0.0418,28.23
66650,37,0.8893,0.0418,28.28
66700,37,0.8719,0.0418,28.28
66750,37,0.8820,0.0418,28.31
66800,37,0.8642,0.0419,28.32
66850,38,0.8317,0.0419,28.24
66900,38,0.8429,0.0419,28.00
66950,38,0.8553,0.0419,27.85
67000,37,0.8884,0.0419,27.87
67050,38,0.8628,0.0417,27.83
67100,37,0.8864,0.0417,27.82
67150,36,0.9105,0.0417,28.20
67200,36,0.9227,0.0417,28.57
67250,36,0.9343,0.0417,28.75
67300,36,0.9450,0.0417,28.84
67350,35,0.9651,0.0417,29.11
67400,37,0.8787,0.0417,29.23
67450,37,0.8815,0.0417,28.82
67500,38,0.8436,0.0417,28.37
67550,42,0.7040,0.0417,27.56
67600,45,0.6240,0.0415,25.95
67650,47,0.5799,0.0415,24.57
67700,47,0.5627,0.0415,23.78
67750,46,0.6055,0.0415,23.54
67800,43,0.6506,0.0416,23.87
67850,40,0.7161,0.0416,25.17
67900,40,0.6992,0.0418,26.40
67950,42,0.6031,0.0417,26.22
68000,44,0.5665,0.0419,25.63
68050,44,0.5715,0.0419,25.20
68100,45,0.5842,0.0418,24.74
68150,43,0.6469,0.0418,24.39
68200,39,0.7300,0.0418,25.62
68250,37,0.7875,0.0418,26.84
68300,38,0.7476,0.0418,27.62
68350,37,0.7789,0.0418,27.91
68400,37,0.8063,0.0418,28.23
68450,38,0.7876,0.0419,28.28
68500,38,0.8125,0.0419,28.07
68550,38,0.8308,0.0419,27.93
68600,37,0.8366,0.0419,27.89
68650,38,0.8106,0.0419,28.11
68700,38,0.8253,0.0419,27.95
68750,37,0.8526,0.0419,27.96
68800,38,0.8325,0.0418,28.13
68850,38,0.8501,0.0418,27.93
68900,37,0.8739,0.0418,28.12
68950,36,0.9018,0.0418,28.28
69000,36,0.9201,0.0418,28.62
69050,36,0.9307,0.0418,28.79
69100,37,0.8940,0.0418,28.58
69150,37,0.8693,0.0418,28.72
69200,38,0.8351,0.0418,28.49
69250,39,0.8037,0.0420,27.87
69300,39,0.8174,0.0420,27.50
69350,39,0.8371,0.0420,27.28
69400,38,0.8706,0.0420,27.43
69450,37,0.9042,0.0420,27.62
69500,35,0.9459,0.0420,28.12
69550,35,0.9527,0.0420,28.84
69600,35,0.9602,0.0420,29.23
69650,36,0.9203,0.0420,29.43
69700,36,0.9240,0.0420,29.24
69750,36,0.9266,0.0420,29.12
69800,39,0.8062,0.0419,28.71
69850,41,0.7380,0.0419,27.61
69900,45,0.6176,0.0418,26.22
69950,46,0.5786,0.0420,24.65
70000,47,0.5866,0.0420,23.88
70050,47,0.5579,0.0421,23.13
70100,45,0.5872,0.0421,23.43
70150,40,0.6624,0.0421,24.46
70200,40,0.6818,0.0422,25.37
70250,41,0.6350,0.0417,26.03
70300,43,0.5736,0.0418,25.83
70350,42,0.5996,0.0418,25.57
70400,43,0.6106,0.0415,25.60
70450,42,0.6623,0.0415,25.52
70500,40,0.6983,0.0416,25.42
70550,38,0.7178,0.0416,26.29
70600,38,0.7548,0.0416,27.09
70650,38,0.7818,0.0416,27.48
70700,38,0.7789,0.0415,27.83
70750,37,0.8168,0.0415,27.85
70800,36,0.8526,0.0415,28.24
70850,36,0.8714,0.0415,28.67
70900,37,0.8440,0.0414,28.60
70950,37,0.8576,0.0414,28.52
71000,37,0.8459,0.0414,28.34
71050,38,0.8172,0.0415,28.20
71100,38,0.8325,0.0415,27.99
71150,38,0.8508,0.0415,27.86
71200,37,0.8825,0.0415,28.04
71250,37,0.8981,0.0415,28.16
71300,37,0.8795,0.0413,28.31
71350,37,0.8579,0.0414,28.38
71400,37,0.8663,0.0414,28.39
71450,37,0.8835,0.0414,28.38
71500,39,0.8140,0.0413,28.09
71550,39,0.8248,0.0413,27.60
71600,38,0.8499,0.0413,27.41
71650,37,0.8790,0.0413,27.70
71700,37,0.8975,0.0413,27.98
71750,37,0.9102,0.0413,28.11
71800,35,0.9522,0.0413,28.56
71850,36,0.9125,0.0416,28.81
71900,37,0.8727,0.0417,28.67
71950,38,0.8370,0.0418,28.36
72000,39,0.8074,0.0415,27.94
72050,39,0.8228,0.0415,27.53
72100,40,0.8017,0.0415,27.21
72150,42,0.7191,0.0414,26.54
72200,41,0.7424,0.0414,26.24
72250,44,0.6371,0.0413,25.73
72300,44,0.6304,0.0413,25.33
72350,46,0.5800,0.0413,24.31
72400,46,0.5416,0.0415,23.95
72450,47,0.5498,0.0415,23.66
72500,43,0.6169,0.0415,24.19
72550,42,0.6187,0.0415,24.56
72600,42,0.6140,0.0414,25.00
72650,41,0.6285,0.0415,25.62
72700,40,0.6702,0.0415,26.11
72750,40,0.7107,0.0415,26.41
72800,39,0.7673,0.0415,26.81
72850,36,0.8318,0.0415,27.75
72900,37,0.7847,0.0417,28.39
72950,37,0.7978,0.0417,28.49
73000,37,0.8186,0.0417,28.52
73050,38,0.7965,0.0417,28.42
73100,38,0.8198,0.0417,28.13
73150,38,0.8374,0.0417,27.95
73200,38,0.8332,0.0418,27.83
73250,38,0.8164,0.0417,28.08
73300,38,0.8265,0.0417,27.93
73350,38,0.8103,0.0419,27.72
73400,38,0.8310,0.0419,27.75
73450,38,0.8519,0.0419,27.73
73500,37,0.8815,0.0419,27.77
73550,36,0.9111,0.0419,28.09
73600,37,0.8836,0.0419,28.50
73650,37,0.8587,0.0418,28.47
73700,37,0.8645,0.0418,28.44
73750,37,0.8761,0.0418,28.40
73800,38,0.8503,0.0417,28.12
73850,38,0.8686,0.0417,27.91
73900,38,0.8813,0.0417,27.77
73950,37,0.8726,0.0417,28.08
74000,37,0.8843,0.0417,28.20
74050,37,0.8994,0.0417,28.25
74100,36,0.9239,0.0417,28.54
74150,36,0.9334,0.0417,28.74
74200,37,0.8975,0.0418,28.74
74250,37,0.8735,0.0417,28.41
74300,39,0.7976,0.0417,28.26
74350,40,0.7688,0.0417,27.58
74400,41,0.7455,0.0418,27.01
74450,45,0.6300,0.0417,25.67
74500,45,0.6015,0.0417,24.64
74550,45,0.6029,0.0418,24.08
74600,45,0.5990,0.0419,24.12
74650,44,0.5951,0.0414,23.91
74700,43,0.5898,0.0414,24.42
74750,42,0.6068,0.0416,25.06
74800,43,0.6170,0.0416,25.17
74850,42,0.6393,0.0416,25.37
74900,42,0.6257,0.0414,25.63
74950,40,0.6751,0.0414,26.08
75000,39,0.7253,0.0414,26.40
75050,38,0.7698,0.0414,27.02
75100,38,0.7749,0.0418,27.48
75150,38,0.7684,0.0418,27.58
75200,37,0.8036,0.0418,27.99
75250,38,0.7832,0.0418,28.06
75300,38,0.8055,0.0418,27.96
75350,39,0.7886,0.0421,27.69
75400,38,0.8258,0.0421,27.55
75450,38,0.8133,0.0421,27.85
75500,38,0.8286,0.0421,27.81
75550,38,0.8141,0.0421,27.85
75600,38,0.8361,0.0421,27.81
75650,37,0.8650,0.0421,28.02
75700,38,0.8375,0.0422,28.05
75750,38,0.8240,0.0422,27.89
75800,39,0.7988,0.0422,27.63
75850,38,0.8233,0.0422,27.60
75900,38,0.8413,0.0422,27.66
75950,38,0.8602,0.0422,27.67
76000,38,0.8498,0.0424,27.73
76050,37,0.8781,0.0424,27.92
76100,36,0.9003,0.0424,28.39
76150,36,0.9129,0.0424,28.69
76200,36,0.9245,0.0424,28.83
76250,37,0.8909,0.0426,28.72
76300,36,0.9124,0.0426,28.59
76350,36,0.9200,0.0426,28.79
76400,37,0.8868,0.0426,28.85
76450,37,0.8951,0.0426,28.60
76500,38,0.8590,0.0426,28.24
76550,38,0.8373,0.0428,27.84
76600,39,0.8120,0.0428,27.64
76650,40,0.7862,0.0428,27.21
76700,40,0.7715,0.0428,26.80
76750,43,0.6585,0.0427,25.79
76800,43,0.6544,0.0427,25.32
76850,44,0.6241,0.0428,24.83
76900,44,0.6306,0.0427,24.59
76950,44,0.5982,0.0426,24.26
77000,44,0.5845,0.0426,24.53
77050,44,0.5692,0.0426,24.57
77100,44,0.5791,0.0425,24.73
77150,43,0.6039,0.0426,24.87
77200,40,0.6711,0.0426,25.30
77250,39,0.7202,0.0426,26.17
77300,38,0.7391,0.0426,26.73
77350,37,0.7792,0.0426,27.33
77400,38,0.7728,0.0424,27.80
77450,39,0.7279,0.0424,27.90
77500,39,0.7452,0.0424,27.62
77550,38,0.7793,0.0424,27.49
77600,39,0.7724,0.0424,27.45
77650,39,0.7968,0.0424,27.32
77700,39,0.7915,0.0422,27.25
77750,37,0.8301,0.0422,27.62
77800,37,0.8562,0.0422,28.00
77850,37,0.8756,0.0422,28.18
77900,37,0.8590,0.0422,28.43
77950,38,0.8273,0.0422,28.18
78000,37,0.8536,0.0422,28.19
78050,37,0.8697,0.0422,28.29
78100,39,0.8017,0.0421,28.01
78150,39,0.8153,0.0421,27.57
78200,38,0.8470,0.0421,27.46
78250,38,0.8368,0.0424,27.78
78300,39,0.8096,0.0424,27.56
78350,39,0.8212,0.0424,27.33
78400,37,0.8623,0.0424,27.68
78450,37,0.8823,0.0424,27.99
78500,37,0.8984,0.0424,28.14
78550,36,0.9250,0.0424,28.32
78600,35,0.9510,0.0424,28.88
78650,35,0.9586,0.0424,29.25
78700,35,0.9647,0.0424,29.45
78750,37,0.8781,0.0421,29.13
78800,37,0.8809,0.0421,28.77
78850,38,0.8485,0.0421,28.39
78900,40,0.7799,0.0424,27.91
78950,40,0.7937,0.0424,27.22
79000,41,0.7723,0.0424,26.58
79050,43,0.6690,0.0426,26.30
79100,44,0.6298,0.0428,25.39
79150,46,0.5871,0.0426,24.70
79200,46,0.5707,0.0425,24.34
79250,47,0.5567,0.0425,23.99
79300,43,0.6188,0.0425,24.07
79350,41,0.6709,0.0425,24.93
79400,42,0.6123,0.0424,25.20
79450,41,0.6469,0.0424,25.54
79500,39,0.6982,0.0424,26.18
79550,41,0.6605,0.0421,26.60
79600,42,0.6664,0.0421,26.24
79650,38,0.7317,0.0421,26.63
79700,38,0.7598,0.0421,27.26
79750,39,0.7519,0.0421,27.47
79800,41,0.7122,0.0422,27.19
79850,39,0.7489,0.0422,27.11
79900,38,0.7782,0.0422,27.47
79950,39,0.7641,0.0422,27.42
80000,39,0.7981,0.0422,27.30
